10111110100011010111100100100011
00010000101111111011100000101100
10110011100100010011000001011001
10101011010100011010100011110001
00111011000111010001001101001101
00000010001001101011111101100011
11011100010011011011100101100010
11001110000111000100100111111010
01110001011100110011000000011101
10010010000111010010010101000000
10010000110000001000001000011000
11000100101001001111101101100001
01110111100111101111001000010111
11100000111000001101001100001111
10101111000000010000011011000001
10100011010010100101111000101110
01101101111100000111000011000110
00000001000001010100111101111101
00111001100011100001110000101001
10111000101111100100000011110010
