11101001001000011011101010101011
01100000110010000111001100100110
00001010011000001001100010100000
11011101111100111000110110101101
00010011010011110101010101011010
10001001110000110110101100010101
11001010110011101010001111001010
11010101110010111001011101010000
10101001100100111001101101110101
11110111010011000011111011011010
10110001001111000010011011000001
10011000100001001011011010111111
11010011111111010001010001110100
00001011011010111010011101111010
11101110100000110111110111001011
10000000000101001000010000000011
11110111001011001101111101111011
01111101001001100001010010010111
11010001011111101011100101010010
01100101010111110110001000101100
